＠ほっかいどーさっぽろかみはんき
＃＃＃インラインイベント
＠北海道札幌１月日の出時
（whenlist,（現在日）＜＝,22,7,31,6）

＃＃＃インラインイベント
＠北海道札幌１月日の出分
（whenlist,（現在日）＜＝,9,06,
12,05,15,04,17,03,19,02,20,01,
22,00,23,59,24,58,25,57,27,56,28,55,29,54,30,53,31,52）

＃＃＃インラインイベント
＠北海道札幌１月日の入時
（whenlist,（現在日）＜＝,31,16）

＃＃＃インラインイベント
＠北海道札幌１月日の入分
（whenlist,（現在日）＜＝,1,10,3,11,4,12,5,13,6,14,7,15,8,16,9,17,10,18,
11,20,12,21,13,22,14,23,15,24,16,25,17,26,18,28,19,29,20,30,
21,31,22,33,23,34,24,35,25,37,26,38,27,39,28,41,29,42,30,43,31,44）

＃＃＃インラインイベント
＠北海道札幌２月日の出時
（whenlist,（現在日）＜＝,29,6）

＃＃＃インラインイベント
＠北海道札幌２月日の出分
（whenlist,（現在日）＜＝,1,51,2,50,3,49,4,48,5,46,6,45,7,44,8,43,9,42,10,40,
11,39,12,38,13,36,14,35,15,34,15,32,17,31,18,29,19,28,20,26,
21,25,22,23,23,22,24,20,25,19,26,17,27,16,28,14,29,12）

＃＃＃インラインイベント
＠北海道札幌２月日の入時
（whenlist,（現在日）＜＝,11,16,29,17）

＃＃＃インラインイベント
＠北海道札幌２月日の入分
（whenlist,（現在日）＜＝,1,46,2,47,3,48,4,50,5,51,6,53,7,54,8,55,9,57,10,58,
11,59,12,01,13,02,14,03,15,05,16,06,17,07,18,08,19,10,20,11,
21,12,22,14,23,15,24,16,25,18,26,19,27,20,28,21,29,23）

＃＃＃インラインイベント
＠北海道札幌３月日の出時
（whenlist,（現在日）＜＝,7,6,31,5）

＃＃＃インラインイベント
＠北海道札幌３月日の出分
（whenlist,（現在日）＜＝,1,11,2,09,3,07,4,06,5,04,6,02,7,01,8,59,9,57,10,55,
11,54,12,52,13,50,14,48,15,47,16,45,17,43,18,41,19,40,20,38,
21,36,22,34,23,33,24,31,25,29,26,27,27,26,28,24,29,22,30,20,31,18）

＃＃＃インラインイベント
＠北海道札幌３月日の入時
（whenlist,（現在日）＜＝,30,17,31,18）

＃＃＃インラインイベント
＠北海道札幌３月日の入分
（whenlist,（現在日）＜＝,1,24,2,25,3,26,4,28,5,29,6,30,7,31,8,33,9,34,10,35,
11,36,12,37,13,39,14,40,15,41,16,42,17,43,18,45,19,46,20,47,
21,48,22,49,23,50,24,52,25,53,26,54,27,55,28,56,29,58,30,59,31,00）

＃＃＃インラインイベント
＠北海道札幌４月日の出時
（whenlist,（現在日）＜＝,10,5,30,4）

＃＃＃インラインイベント
＠北海道札幌４月日の出分
（whenlist,（現在日）＜＝,1,17,2,15,3,13,4,11,5,10,6,08,7,06,8,05,9,03,10,01,
11,59,12,58,13,56,14,54,15,53,16,51,17,50,18,48,19,46,20,45,
21,43,22,42,23,40,24,39,25,37,26,36,27,34,28,33,29,31,30,30）

＃＃＃インラインイベント
＠北海道札幌４月日の入時
（whenlist,（現在日）＜＝,30,18）

＃＃＃インラインイベント
＠北海道札幌４月日の入分
（whenlist,（現在日）＜＝,1,01,2,02,3,03,4,05,5,06,6,07,7,08,8,09,9,10,10,11,
11,13,12,14,13,15,14,16,15,17,16,18,17,20,18,21,19,22,20,23,
21,24,22,25,23,27,24,28,25,29,26,30,27,31,28,32,29,34,30,35）

＃＃＃インラインイベント
＠北海道札幌５月日の出時
（whenlist,（現在日）＜＝,29,4,31,3）

＃＃＃インラインイベント
＠北海道札幌５月日の出分
（whenlist,（現在日）＜＝,1,28,2,27,3,26,4,24,5,23,6,22,7,20,8,19,9,18,10,17,
11,16,12,14,13,13,14,12,15,11,16,10,17,09,18,08,19,07,20,06,
22,05,23,04,24,03,26,02,27,01,29,00,30,59,31,58）

＃＃＃インラインイベント
＠北海道札幌５月日の入時
（whenlist,（現在日）＜＝,23,18,31,19）

＃＃＃インラインイベント
＠北海道札幌５月日の入分
（whenlist,（現在日）＜＝,1,36,2,37,3,38,4,39,5,40,6,41,7,43,8,44,9,45,10,46,
11,47,12,48,13,49,14,50,15,51,16,52,17,52,18,54,19,56,20,57,
22,58,23,59,24,00,25,01,26,02,27,03,28,04,29,05,30,06,31,07）

＃＃＃インラインイベント
＠北海道札幌６月日の出時
（whenlist,（現在日）＜＝,30,3）

＃＃＃インラインイベント
＠北海道札幌６月日の出分
（whenlist,（現在日）＜＝,1,58,4,57,7,56,22,55,25,56,28,57,30,58）

＃＃＃インラインイベント
＠北海道札幌６月日の入時
（whenlist,（現在日）＜＝,30,19）

＃＃＃インラインイベント
＠北海道札幌６月日の入分
（whenlist,（現在日）＜＝,1,07,2,08,3,09,5,10,6,11,8,12,10,13,
12,14,14,15,16,16,20,17,30,18）

＠ほっかいどーさっぽろしもはんき
＃＃＃インラインイベント
＠北海道札幌７月日の出時
（whenlist,（現在日）＜＝,2,3,31,4）

＃＃＃インラインイベント
＠北海道札幌７月日の出分
（whenlist,（現在日）＜＝,2,59,3,00,5,01,6,02,8,03,9,04,
11,05,12,06,13,07,14,08,15,09,17,10,18,11,19,12,20,13,
21,14,22,15,23,16,24,17,25,18,26,19,27,20,28,21,29,22,30,23,31,24）

＃＃＃インラインイベント
＠北海道札幌７月日の入時
（whenlist,（現在日）＜＝,29,19,31,18）

＃＃＃インラインイベント
＠北海道札幌７月日の入分
（whenlist,（現在日）＜＝,2,18,6,17,8,16,10,15,
12,14,14,13,15,12,17,11,18,10,19,09,20,08,
22,07,23,06,24,05,25,04,26,03,27,02,28,01,29,00,30,58,31,57）

＃＃＃インラインイベント
＠北海道札幌８月日の出時
（whenlist,（現在日）＜＝,31,4）

＃＃＃インラインイベント
＠北海道札幌８月日の出分
（whenlist,（現在日）＜＝,1,25,2,26,3,27,4,28,5,29,6,30,7,31,8,33,9,34,10,35,
11,36,12,37,13,38,14,39,15,40,16,41,17,42,18,43,19,45,20,46,
21,47,22,48,23,49,24,50,25,51,26,52,27,53,28,54,29,56,30,57,31,58）

＃＃＃インラインイベント
＠北海道札幌８月日の入時
（whenlist,（現在日）＜＝,31,18）

＃＃＃インラインイベント
＠北海道札幌８月日の入分
（whenlist,（現在日）＜＝,1,56,2,55,3,54,4,52,5,51,6,50,7,49,8,47,9,46,10,44,
11,43,12,42,13,40,14,39,15,37,16,36,17,34,18,33,19,31,20,30,
21,28,22,26,23,25,24,23,25,21,26,20,27,18,28,16,29,15,30,13,31,11）

＃＃＃インラインイベント
＠北海道札幌９月日の出時
（whenlist,（現在日）＜＝,1,4,30,5）

＃＃＃インラインイベント
＠北海道札幌９月日の出分
（whenlist,（現在日）＜＝,1,59,2,00,3,01,4,02,5,03,6,04,7,05,8,06,9,07,10,09,
11,10,12,11,13,12,14,13,15,14,16,15,17,16,18,17,19,18,20,19,
21,21,22,22,23,23,24,24,25,25,26,26,27,27,28,28,29,29,30,31）

＃＃＃インラインイベント
＠北海道札幌９月日の入時
（whenlist,（現在日）＜＝,6,18,30,17）

＃＃＃インラインイベント
＠北海道札幌９月日の入分
（whenlist,（現在日）＜＝,1,10,2,08,3,06,4,04,5,03,6,01,7,59,8,57,9,56,10,54,
11,52,12,50,13,48,14,47,15,45,16,43,17,41,18,39,19,38,20,36,
21,34,22,32,23,30,24,29,25,27,26,25,27,23,28,21,29,20,30,18）

＃＃＃インラインイベント
＠北海道札幌１０月日の出時
（whenlist,（現在日）＜＝,24,5,31,6）

＃＃＃インラインイベント
＠北海道札幌１０月日の出分
（whenlist,（現在日）＜＝,1,32,2,33,3,34,4,35,5,36,6,37,7,39,8,40,9,41,10,42,
11,43,12,44,13,46,14,47,15,48,16,49,17,50,18,52,19,53,20,54,
21,55,22,56,23,58,24,59,25,00,26,01,27,03,28,04,29,05,30,06,31,08）

＃＃＃インラインイベント
＠北海道札幌１０月日の入時
（whenlist,（現在日）＜＝,10,17,31,16）

＃＃＃インラインイベント
＠北海道札幌１０月日の入分
（whenlist,（現在日）＜＝,1,16,2,14,3,12,4,11,5,09,6,07,7,06,8,04,9,02,10,00,
11,59,12,57,13,55,14,54,15,52,16,50,17,49,18,47,19,46,20,44,
21,43,22,41,23,39,24,38,25,37,26,35,27,24,28,32,29,31,30,29,31,28）

＃＃＃インラインイベント
＠北海道札幌１１月日の出時
（whenlist,（現在日）＜＝,30,6）

＃＃＃インラインイベント
＠北海道札幌１１月日の出分
（whenlist,（現在日）＜＝,1,9,2,10,3,12,4,13,5,14,6,15,7,17,8,18,9,19,10,21,
11,22,12,23,13,24,14,26,15,27,16,28,17,29,18,31,19,32,20,33,
21,34,22,36,23,37,24,38,25,39,26,40,27,42,28,43,29,44,30,45）

＃＃＃インラインイベント
＠北海道札幌１１月日の入時
（whenlist,（現在日）＜＝,30,16）

＃＃＃インラインイベント
＠北海道札幌１１月日の入分
（whenlist,（現在日）＜＝,1,27,2,25,3,24,4,23,5,22,6,20,7,19,8,18,9,17,10,16,
11,15,12,14,13,13,14,12,15,11,16,10,17,09,19,08,20,07,
21,06,23,05,25,04,27,03,29,02,30,01）

＃＃＃インラインイベント
＠北海道札幌１２月日の出時
（whenlist,（現在日）＜＝,15,6,31,7）

＃＃＃インラインイベント
＠北海道札幌１２月日の出分
（whenlist,（現在日）＜＝,1,46,2,47,3,48,4,49,5,50,6,51,7,52,8,53,9,54,10,55,）

＃＃＃インラインイベント
＠北海道札幌１２月日の入時
（whenlist,（現在日）＜＝,31,16）

＃＃＃インラインイベント
＠北海道札幌１２月日の入分
（whenlist,（現在日）＜＝,2,01,15,00,18,01,20,02,
22,03,24,04,25,05,27,06,28,07,29,08,31,09）

＃（whenlist,（現在日）＜＝,）
＃何が好きでこんなクソみたいな文字列とかデータベース作らなきゃならないんですか？　惑星時間機能入れようと思ったのがアホでは？　純西洋魔術師にしか価値無いよ？
＃そもそも純西洋魔術師はこんなゴーストは入れない気がする。こんなの起動してる暇あったら鍛錬してるのでは？
＃本体「……まあ、僕の立ち位置って混沌魔術だしいいと思うけれどね」

＠いわてかみはんき
＃＃＃インラインイベント
＠岩手県１月日の出時
（whenlist,（現在日）＜＝,31,6）

＃＃＃インラインイベント
＠岩手県１月日の出分
（whenlist,（現在日）＜＝,12,56,15,55,18,54,20,53,
22,52,23,51,25,50,26,49,27,48,29,47,30,46,31,45）

＃＃＃インラインイベント
＠岩手県１月日の入時
（whenlist,（現在日）＜＝,31,16）

＃＃＃インラインイベント
＠岩手県１月日の入分
（whenlist,（現在日）＜＝,1,21,2,22,3,23,5,24,6,25,7,26,8,27,9,28,10,29,
11,30,12,31,13,32,14,33,15,34,16,36,17,37,18,38,19,39,20,40,
21,41,22,42,23,43,24,45,25,46,26,47,27,48,28,49,29,50,30,52,31,53）

＃＃＃インラインイベント
＠岩手県２月日の出時
（whenlist,（現在日）＜＝,29,6）

＃＃＃インラインイベント
＠岩手県２月日の出分
（whenlist,（現在日）＜＝,1,44,2,43,3,42,4,41,5,40,6,39,7,38,8,37,9,36,10,35,
11,34,12,33,13,31,14,30,15,29,16,28,17,27,18,25,19,24,20,23,
21,21,22,20,23,29,24,17,25,16,26,14,27,13,28,11,29,10）

＃＃＃インラインイベント
＠岩手県２月日の入時
（whenlist,（現在日）＜＝,5,16,29,17）

＃＃＃インラインイベント
＠岩手県２月日の入分
（whenlist,（現在日）＜＝,1,54,2,55,3,56,4,58,5,59,6,00,7,01,8,02,9,04,10,
05,11,06,12,07,13,08,14,09,15,11,16,12,17,13,18,14,19,15,20,16,
21,18,22,19,23,20,24,21,25,22,26,23,27,24,28,25,29,26）

＃＃＃インラインイベント
＠岩手県３月日の出時
（whenlist,（現在日）＜＝,6,6,31,5）

＃＃＃インラインイベント
＠岩手県３月日の出分
（whenlist,（現在日）＜＝,1,08,2,07,3,06,4,04,5,02,6,01,7,59,8,58,9,56,10,55,
11,53,12,52,13,50,14,48,15,47,16,45,17,44,18,42,19,40,20,39,
21,37,22,36,23,34,24,32,25,31,26,29,27,28,28,26,29,24,30,23,31,21）

＃＃＃インラインイベント
＠岩手県３月日の入時
（whenlist,（現在日）＜＝,31,17）

＃＃＃インラインイベント
＠岩手県３月日の入分
（whenlist,（現在日）＜＝,1,28,2,29,3,30,4,31,5,32,6,33,7,34,8,35,9,36,10,37,
11,38,12,39,13,40,14,41,15,42,16,43,17,44,18,45,19,46,20,47,
21,48,22,50,23,51,24,52,25,53,26,54,27,55,28,56,29,57,30,58,31,59）

＃＃＃インラインイベント
＠岩手県４月日の出時
（whenlist,（現在日）＜＝,13,5,30,4）

＃＃＃インラインイベント
＠岩手県４月日の出分
（whenlist,（現在日）＜＝,1,20,2,18,3,16,4,15,5,13,6,12,7,10,8,09,9,07,10,06,
11,04,12,02,13,01,14,59,15,58,16,57,17,55,18,54,19,52,20,51,
21,49,22,48,23,47,24,45,25,44,26,42,27,41,28,40,29,39,30,37）

＃＃＃インラインイベント
＠岩手県４月日の入時
（whenlist,（現在日）＜＝,30,18）

＃＃＃インラインイベント
＠岩手県４月日の入分
（whenlist,（現在日）＜＝,1,00,2,01,3,02,4,03,5,04,6,05,7,06,8,07,9,08,10,09,
11,10,12,11,13,12,14,13,15,14,16,15,17,16,18,17,19,18,20,19,
21,20,22,21,23,22,24,23,25,24,26,25,27,26,28,27,29,28,30,29）

＃＃＃インラインイベント
＠岩手県５月日の出時
（whenlist,（現在日）＜＝,31,4）

＃＃＃インラインイベント
＠岩手県５月日の出分
（whenlist,（現在日）＜＝,1,36,2,35,3,34,4,32,5,31,6,30,7,29,8,28,9,27,10,26,
11,25,12,24,13,23,14,22,15,21,16,20,17,19,18,18,20,17
21,16,22,15,24,14,26,13,27,12,29,11,31,10）

＃＃＃インラインイベント
＠岩手県５月日の入時
（whenlist,（現在日）＜＝,31,18）

＃＃＃インラインイベント
＠岩手県５月日の入分
（whenlist,（現在日）＜＝,1,30,2,31,3,32,4,33,5,34,6,35,8,36,9,37,10,38,
11,39,12,40,13,41,14,42,15,43,16,44,17,45,18,46,19,47,20,48,
22,49,23,50,24,51,25,52,26,53,28,54,29,55,30,56,31,57）

＃＃＃インラインイベント
＠岩手県６月日の出時
（whenlist,（現在日）＜＝,30,4）

＃＃＃インラインイベント
＠岩手県６月日の出分
（whenlist,（現在日）＜＝,1,10,3,09,7,08,20,07,24,08,27,09,29,10,30,11）

＃＃＃インラインイベント
＠岩手県６月日の入時
（whenlist,（現在日）＜＝,4,18,30,19）

＃＃＃インラインイベント
＠岩手県６月日の入分
（whenlist,（現在日）＜＝,1,57,2,58,4,59,5,00,7,01,9,02,11,03,13,04,16,05,19,06,30,07）

＠いわてしもはんき
＃＃＃インラインイベント
＠岩手県７月日の出時
（whenlist,（現在日）＜＝,31,4）

＃＃＃インラインイベント
＠岩手県７月日の出分
（whenlist,（現在日）＜＝,1,11,3,12,5,13,7,14,8,15,10,16,
11,17,13,18,14,19,15,20,17,21,18,22,19,23,20,24,
21,25,23,26,24,27,25,28,26,29,27,30,28,31,29,32,31,33）

＃＃＃インラインイベント
＠岩手県７月日の入時
（whenlist,（現在日）＜＝,19,19,31,18）

＃＃＃インラインイベント
＠岩手県７月日の入分
（whenlist,（現在日）＜＝,5,07,8,06,10,05,13,04,14,03,16,02,18,01,19,00,20,59,
22,58,23,57,24,56,25,55,26,54,28,53,29,52,30,51,31,50）

＃＃＃インラインイベント
＠岩手県８月日の出時
（whenlist,（現在日）＜＝,27,4,31,5）

＃＃＃インラインイベント
＠岩手県８月日の出分
（whenlist,（現在日）＜＝,1,34,2,35,3,36,4,37,5,38,6,39,7,40,8,41,9,42,10,43,
11,44,12,45,14,46,15,47,16,48,17,49,18,50,19,51,20,52,
21,53,22,54,23,55,24,56,25,57,26,58,27,59,28,00,30,01,31,02）

＃＃＃インラインイベント
＠岩手県８月日の入時
（whenlist,（現在日）＜＝,31,18）

＃＃＃インラインイベント
＠岩手県８月日の入分
（whenlist,（現在日）＜＝,1,49,2,47,3,46,4,45,5,44,6,43,7,42,8,41,9,39,10,38,
11,37,12,36,13,34,14,33,15,32,16,30,17,29,18,28,19,26,20,25,
21,23,22,22,23,20,24,19,25,17,26,16,27,14,28,13,29,11,30,10,31,08）

＃＃＃インラインイベント
＠岩手県９月日の出時
（whenlist,（現在日）＜＝,30,5）

＃＃＃インラインイベント
＠岩手県９月日の出分
（whenlist,（現在日）＜＝,1,03,2,04,3,05,4,06,5,07,6,08,7,09,8,10,9,11,10,12,
11,13,13,14,14,15,15,16,16,17,17,18,18,19,20,21,
21,22,22,23,23,24,24,25,25,26,26,27,27,28,29,29,30,30）

＃＃＃インラインイベント
＠岩手県９月日の入時
（whenlist,（現在日）＜＝,5,18,30,17）

＃＃＃インラインイベント
＠岩手県９月日の入分
（whenlist,（現在日）＜＝,1,07,2,05,3,04,4,02,5,00,6,59,7,57,8,56,9,54,10,52,
11,51,12,49,13,47,14,46,15,44,16,43,17,41,18,39,19,38,20,36,
21,34,22,33,23,31,24,29,25,28,26,26,27,24,28,23,29,21,30,20）

＃＃＃インラインイベント
＠岩手県１０月日の出時
（whenlist,（現在日）＜＝,28,5,31,6）

＃＃＃インラインイベント
＠岩手県１０月日の出分
（whenlist,（現在日）＜＝,1,31,2,32,3,33,4,34,5,35,6,36,7,37,8,38,9,39,10,40,
11,41,12,42,13,43,14,44,15,45,16,46,17,47,18,49,19,50,20,51,）

＃＃＃インラインイベント
＠岩手県１０月日の入時
（whenlist,（現在日）＜＝,12,17,31,16）

＃＃＃インラインイベント
＠岩手県１０月日の入分
（whenlist,（現在日）＜＝,1,18,2,16,3,15,4,13,5,12,6,10,7,08,8,07,9,05,10,04,
11,02,12,01,13,59,14,58,15,56,16,55,17,53,18,52,19,51,20,49,
21,48,22,46,23,45,24,44,25,42,26,41,27,40,39,28,29,37,30,36,31,35）

＃＃＃インラインイベント
＠岩手県１１月日の出時
（whenlist,（現在日）＜＝,30,6）

＃＃＃インラインイベント
＠岩手県１１月日の出分
（whenlist,（現在日）＜＝,1,04,2,05,3,06,4,07,5,08,6,09,7,11,8,12,9,13,10,14,
11,15,12,16,13,17,14,19,15,20,16,21,17,22,18,23,19,24,20,25,
21,26,22,28,23,29,24,30,25,31,26,32,27,33,28,34,29,35,30,36）

＃＃＃インラインイベント
＠岩手県１１月日の入時
（whenlist,（現在日）＜＝,30,16）

＃＃＃インラインイベント
＠岩手県１１月日の入分
（whenlist,（現在日）＜＝,1,34,2,33,3,31,4,30,5,29,6,28,7,27,8,26,9,25,10,24,
11,23,13,22,14,21,15,20,16,19,18,18,19,17,
21,16,23,15,25,14,28,13,30,12）

＃＃＃インラインイベント
＠岩手県１２月日の出時
（whenlist,（現在日）＜＝,31,6）

＃＃＃インラインイベント
＠岩手県１２月日の出分
（whenlist,（現在日）＜＝,1,37,2,38,3,39,4,40,5,41,6,42,8,43,9,44,10,45,
11,46,12,47,14,48,15,49,17,50,18,51,20,52,
22,53,25,54,28,55,31,56）

＃＃＃インラインイベント
＠岩手県１２月日の入時
（whenlist,（現在日）＜＝,31,16）

＃＃＃インラインイベント
＠岩手県１２月日の入分
（whenlist,（現在日）＜＝,1,12,
12,11,16,12,19,13,
21,14,23,15,24,16,26,17,27,18,29,19,30,20,31,21）

＠とーきょーかみはんき
＠東京都１月日の出時
（whenlist,（現在日）＜＝,31,6）
＃＃＃インラインイベント
＠東京都１月日の出分
（whenlist,（現在日）＜＝,1,50,13,51,17,50,20,49,22,48,24,47,26,46,27,45,29,44,30,43,31,42）
＃＃＃インラインイベント
＠東京都１月日の入時
（whenlist,（現在日）＜＝,）
＃＃＃インラインイベント
＠東京都１月日の入分
（whenlist,（現在日）＜＝,）

＃＃＃インラインイベント
＠東京都２月日の出時
（whenlist,（現在日）＜＝,）
＃＃＃インラインイベント
＠東京都２月日の出分
（whenlist,（現在日）＜＝,）
＃＃＃インラインイベント
＠東京都２月日の入時
（whenlist,（現在日）＜＝,）
＃＃＃インラインイベント
＠東京都２月日の入分
（whenlist,（現在日）＜＝,）

＃＃＃インラインイベント
＠東京都３月日の出時
（whenlist,（現在日）＜＝,）
＃＃＃インラインイベント
＠東京都３月日の出分
（whenlist,（現在日）＜＝,）
＃＃＃インラインイベント
＠東京都３月日の入時
（whenlist,（現在日）＜＝,）
＃＃＃インラインイベント
＠東京都３月日の入分
（whenlist,（現在日）＜＝,）

＃＃＃インラインイベント
＠東京都４月日の出時
（whenlist,（現在日）＜＝,）
＃＃＃インラインイベント
＠東京都４月日の出分
（whenlist,（現在日）＜＝,）
＃＃＃インラインイベント
＠東京都４月日の入時
（whenlist,（現在日）＜＝,）
＃＃＃インラインイベント
＠東京都４月日の入分
（whenlist,（現在日）＜＝,）

＃＃＃インラインイベント
＠東京都５月日の出時
（whenlist,（現在日）＜＝,）
＃＃＃インラインイベント
＠東京都５月日の出分
（whenlist,（現在日）＜＝,）
＃＃＃インラインイベント
＠東京都５月日の入時
（whenlist,（現在日）＜＝,）
＃＃＃インラインイベント
＠東京都５月日の入分
（whenlist,（現在日）＜＝,）

＃＃＃インラインイベント
＠東京都６月日の出時
（whenlist,（現在日）＜＝,）
＃＃＃インラインイベント
＠東京都６月日の出分
（whenlist,（現在日）＜＝,）
＃＃＃インラインイベント
＠東京都６月日の入時
（whenlist,（現在日）＜＝,）
＃＃＃インラインイベント
＠東京都６月日の入分
（whenlist,（現在日）＜＝,）

＠とーきょーしもはんき
＠東京都７月日の出時
（whenlist,（現在日）＜＝,）
＃＃＃インラインイベント
＠東京都７月日の出分
（whenlist,（現在日）＜＝,）
＃＃＃インラインイベント
＠東京都７月日の入時
（whenlist,（現在日）＜＝,）
＃＃＃インラインイベント
＠東京都７月日の入分
（whenlist,（現在日）＜＝,）

＃＃＃インラインイベント
＠東京都８月日の出時
（whenlist,（現在日）＜＝,）
＃＃＃インラインイベント
＠東京都８月日の出分
（whenlist,（現在日）＜＝,）
＃＃＃インラインイベント
＠東京都８月日の入時
（whenlist,（現在日）＜＝,）
＃＃＃インラインイベント
＠東京都８月日の入分
（whenlist,（現在日）＜＝,）

＃＃＃インラインイベント
＠東京都９月日の出時
（whenlist,（現在日）＜＝,）
＃＃＃インラインイベント
＠東京都９月日の出分
（whenlist,（現在日）＜＝,）
＃＃＃インラインイベント
＠東京都９月日の入時
（whenlist,（現在日）＜＝,）
＃＃＃インラインイベント
＠東京都９月日の入分
（whenlist,（現在日）＜＝,）

＃＃＃インラインイベント
＠東京都１０月日の出時
（whenlist,（現在日）＜＝,）
＃＃＃インラインイベント
＠東京都１０月日の出分
（whenlist,（現在日）＜＝,）
＃＃＃インラインイベント
＠東京都１０月日の入時
（whenlist,（現在日）＜＝,）
＃＃＃インラインイベント
＠東京都１０月日の入分
（whenlist,（現在日）＜＝,）

＃＃＃インラインイベント
＠東京都１１月日の出時
（whenlist,（現在日）＜＝,）
＃＃＃インラインイベント
＠東京都１１月日の出分
（whenlist,（現在日）＜＝,）
＃＃＃インラインイベント
＠東京都１１月日の入時
（whenlist,（現在日）＜＝,）
＃＃＃インラインイベント
＠東京都１１月日の入分
（whenlist,（現在日）＜＝,）

＃＃＃インラインイベント
＠東京都１２月日の出時
（whenlist,（現在日）＜＝,）
＃＃＃インラインイベント
＠東京都１２月日の出分
（whenlist,（現在日）＜＝,）
＃＃＃インラインイベント
＠東京都１２月日の入時
（whenlist,（現在日）＜＝,）
＃＃＃インラインイベント
＠東京都１２月日の入分
（whenlist,（現在日）＜＝,）


＃＃＃インラインイベント
＠（場所）（現在月）月日の出時
（whenlist,（現在日）＜＝,）
＃＃＃インラインイベント
＠（場所）（現在月）月日の出分
（whenlist,（現在日）＜＝,）
＃＃＃インラインイベント
＠（場所）（現在月）月日の入時
（whenlist,（現在日）＜＝,）
＃＃＃インラインイベント
＠（場所）（現在月）月日の入分
（whenlist,（現在日）＜＝,）
＊けいさんよう
＃つかうこと：
＃＄SAORI引数の計算【タブ】無効
＃＄SAORI引数の計算【タブ】有効
＃＃＃インラインイベント
＊ぐれJDN
（calc_float,（現在日）＋153*（m求め）/5+2/5+365*（y求め）+（floor,（calc_float,（y求め）/4））-（floor,（calc_float,（y求め）/100））+（floor,（calc_float,（y求め）/400））-32045

＃＃＃インラインイベント
＊ぐれJD
（calc_float,（ぐれJDN）+（現在時）/24-12/24+（現在分）/24*60+（現在秒）/24*60*60）

＃＃＃インラインイベント
＊a求め
（floor,（calc_float,14/12-（現在月）/12））

＃＃＃インラインイベント
＊y求め
（calc_float,（現在年）-4800-（a求め））

＃＃＃インラインイベント
＊m求め
(calc_float,（現在月）+12*（a求め）-3)
